-0.357599 0.364401
-0.357599 0.364401
-0.357599 0.364401
-0.357599 0.362788
-0.410377 0.353111
-0.427044 0.353111
-0.436054 0.353111
-0.448091 0.353111
-0.482596 0.355200
-0.508743 0.355200
-0.556738 0.364085
-0.576044 0.366888
-0.611041 0.374089
-0.622038 0.376217
-0.640528 0.380097
-0.649835 0.380097
-0.662269 0.380097
-0.665972 0.380097
-0.677083 0.376872
-0.682639 0.375259
-0.691898 0.372033
-0.696528 0.370420
-0.703935 0.368807
-0.706713 0.367194
-0.716898 0.365581
-0.722454 0.362355
-0.733072 0.358935
-0.740128 0.355423
-0.744047 0.355423
-0.747751 0.353810
-0.749603 0.352197
-0.751455 0.352197
-0.755158 0.348972
-0.756084 0.347359
-0.757010 0.345746
-0.757010 0.344133
-0.758862 0.342520
-0.758862 0.339294
-0.760714 0.328004
-0.762566 0.319939
-0.767702 0.298591
-0.767702 0.289399
-0.768639 0.272785
-0.769570 0.263061
-0.769570 0.235090
-0.769570 0.214856
-0.769570 0.175579
-0.768311 0.153661
-0.764906 0.125610
-0.763952 0.118967
-0.759323 0.102838
-0.756545 0.097999
-0.752841 0.088322
-0.749138 0.081870
-0.738762 0.067022
-0.733607 0.061635
-0.717860 0.047945
-0.711189 0.042135
-0.695760 0.024868
-0.688066 0.017210
-0.667911 -0.005497
-0.658092 -0.014049
-0.634645 -0.033384
-0.623208 -0.042238
-0.606779 -0.056486
-0.599249 -0.060234
-0.587782 -0.066892
-0.584078 -0.073344
-0.574819 -0.076569
-0.570189 -0.079795
-0.560004 -0.086247
-0.554268 -0.091243
-0.542244 -0.101685
-0.537244 -0.105169
-0.527535 -0.113550
-0.525683 -0.113550
-0.521980 -0.116776
-0.521980 -0.118389
-0.520128 -0.120002
-0.518276 -0.126453
-0.518276 -0.129679
-0.518276 -0.132905
-0.520128 -0.136131
-0.525683 -0.142582
-0.529400 -0.147439
-0.537135 -0.159109
-0.539004 -0.163993
-0.549879 -0.179552
-0.555083 -0.188617
-0.571227 -0.214660
-0.578586 -0.227479
-0.590178 -0.249760
-0.594492 -0.261031
-0.609444 -0.283356
-0.613794 -0.294721
-0.620626 -0.308607
-0.630316 -0.329247
-0.633313 -0.337946
-0.638868 -0.350849
-0.640720 -0.354075
-0.646276 -0.366978
-0.648128 -0.370204
-0.655535 -0.383107
-0.659239 -0.389559
-0.667238 -0.408690
-0.670355 -0.417738
-0.675315 -0.434915
-0.679018 -0.441367
-0.683648 -0.459109
-0.686514 -0.469092
-0.690425 -0.486162
-0.691351 -0.492613
-0.692277 -0.499065
-0.692277 -0.502291
-0.692277 -0.503904
-0.692277 -0.505517
-0.692277 -0.507130
-0.690425 -0.508742
-0.690425 -0.511968
-0.683017 -0.523259
-0.679105 -0.526666
-0.668661 -0.537583
-0.663518 -0.541166
-0.658660 -0.544551
-0.648475 -0.549389
-0.638159 -0.552661
-0.632181 -0.552661
-0.617839 -0.556172
-0.609242 -0.556172
-0.586182 -0.556172
-0.573162 -0.551636
-0.546335 -0.542294
-0.534890 -0.537864
-0.513111 -0.531656
-0.504425 -0.531656
-0.487624 -0.527969
-0.480426 -0.526178
-0.468930 -0.524544
-0.463375 -0.521319
-0.450125 -0.514742
-0.441777 -0.511107
-0.411087 -0.498003
-0.398495 -0.490691
-0.367842 -0.480983
-0.353165 -0.474010
-0.334156 -0.467708
-0.325481 -0.463930
-0.311929 -0.458897
-0.306373 -0.457283
-0.298039 -0.454058
-0.294336 -0.454058
-0.291558 -0.454058
-0.290632 -0.452445
-0.286002 -0.452445
-0.281362 -0.450828
-0.273792 -0.450828
-0.271940 -0.450828
-0.271014 -0.450828
-0.271014 -0.452441
-0.271014 -0.455667
-0.271940 -0.458893
-0.271940 -0.465344
-0.271940 -0.468570
-0.271940 -0.473409
-0.271940 -0.487925
-0.271940 -0.497602
-0.271940 -0.512493
-0.271940 -0.518944
-0.269984 -0.543864
-0.268962 -0.554541
-0.266960 -0.571959
-0.266025 -0.580102
-0.264173 -0.597844
-0.263247 -0.605909
-0.260466 -0.622072
-0.258614 -0.628524
-0.254910 -0.646266
-0.253058 -0.652717
-0.251206 -0.662395
-0.250281 -0.665620
-0.248429 -0.670459
-0.247503 -0.675298
-0.245651 -0.681749
-0.241947 -0.688201
-0.236392 -0.699491
-0.232664 -0.702738
-0.227090 -0.709205
-0.225239 -0.709205
-0.224313 -0.710818
-0.223387 -0.712431
-0.218757 -0.712431
-0.217831 -0.712431
-0.207646 -0.709205
-0.202768 -0.705806
-0.187661 -0.698288
-0.180931 -0.694380
-0.158638 -0.686202
-0.146234 -0.681880
-0.119938 -0.670429
-0.109756 -0.663779
-0.082565 -0.650864
-0.069858 -0.644224
-0.040805 -0.635016
-0.024346 -0.625459
0.005414 -0.613655
0.019741 -0.609117
0.043043 -0.600561
0.053468 -0.596526
0.072283 -0.590728
0.079698 -0.587037
0.096420 -0.581568
0.102378 -0.578109
0.114958 -0.574741
0.119587 -0.574741
0.127921 -0.569903
0.130699 -0.569903
0.134402 -0.569903
0.135328 -0.569903
0.139958 -0.568290
0.141810 -0.566677
0.147365 -0.565064
0.151069 -0.563451
0.154773 -0.561838
0.158476 -0.558612
0.169587 -0.558612
0.174432 -0.558612
0.185396 -0.558612
0.199285 -0.555387
0.212917 -0.551721
0.220922 -0.549729
0.232767 -0.545990
0.240723 -0.544258
0.258593 -0.544258
0.270637 -0.544258
0.287690 -0.544258
0.294088 -0.544258
0.307457 -0.544258
0.314945 -0.544258
0.331697 -0.544258
0.343293 -0.546278
0.357699 -0.550145
0.362762 -0.553672
0.381036 -0.560840
0.390960 -0.560840
0.415622 -0.569395
0.425746 -0.573804
0.446257 -0.577978
0.452590 -0.579816
0.460924 -0.581429
0.464627 -0.581429
0.467405 -0.581429
0.471109 -0.589494
0.480712 -0.603832
0.482564 -0.607058
0.495543 -0.614014
0.521574 -0.633388
0.538501 -0.643217
0.573398 -0.666928
0.591448 -0.677409
0.627746 -0.695115
0.648199 -0.700205
0.674140 -0.707393
0.683327 -0.711393
0.697089 -0.714793
0.702644 -0.718019
0.711904 -0.721245
0.717459 -0.721245
0.729607 -0.724471
0.734479 -0.727865
0.742039 -0.727865
0.744817 -0.727865
0.748520 -0.727865
0.750372 -0.724639
0.750372 -0.723026
0.753150 -0.714962
0.754076 -0.708510
0.755067 -0.688241
0.756159 -0.673033
0.759922 -0.633629
0.762543 -0.610804
0.766262 -0.575407
0.768468 -0.560035
0.768468 -0.549454
0.770320 -0.531712
0.772172 -0.513970
0.772172 -0.504083
0.772172 -0.487384
0.772172 -0.479318
0.769394 -0.469641
0.766617 -0.466415
0.763839 -0.461576
0.753268 -0.449838
0.744401 -0.442115
0.724676 -0.422829
0.714229 -0.409180
0.690290 -0.396018
0.679023 -0.387295
0.662595 -0.373034
0.651148 -0.365058
0.631990 -0.353265
0.622890 -0.345340
0.607347 -0.335621
0.600018 -0.328325
0.586878 -0.317767
0.576182 -0.310314
0.556341 -0.294007
0.546618 -0.287656
0.531165 -0.271215
0.528248 -0.267827
0.524544 -0.262988
0.524544 -0.261376
0.524544 -0.256537
0.524544 -0.253311
0.524544 -0.245247
0.524544 -0.235569
0.530018 -0.201784
0.534090 -0.173414
0.542725 -0.133455
0.546456 -0.120456
0.550343 -0.105301
0.552195 -0.098849
0.556825 -0.087559
0.558677 -0.081107
0.564232 -0.069817
0.567936 -0.063365
0.574417 -0.052075
0.579120 -0.045521
0.585613 -0.039057
0.588390 -0.035831
0.598575 -0.027767
0.603205 -0.022928
0.617473 -0.017568
0.626265 -0.015653
0.642069 -0.011654
0.649475 -0.007968
0.654104 -0.006355
0.659660 -0.004743
0.666141 -0.003130
0.669845 0.000096
0.678178 0.001709
0.682808 0.003322
0.693136 0.008260
0.696840 0.008260
0.703321 0.011486
0.707025 0.014712
0.712581 0.021164
0.717210 0.024389
0.740234 0.035345
0.755352 0.044921
0.787664 0.069047
0.805494 0.074224
0.818925 0.095332
0.823824 0.102158
0.830305 0.119900
0.836588 0.136316
0.847517 0.172340
0.852699 0.190396
0.858610 0.221442
0.861751 0.234207
0.864674 0.254457
0.865601 0.264148
0.865601 0.273825
0.867453 0.308133
0.867453 0.322668
0.867453 0.357766
0.867453 0.376995
0.867453 0.409043
0.866441 0.421386
0.863268 0.445133
0.861270 0.459056
0.857340 0.477983
0.856411 0.487686
0.852707 0.498976
0.849930 0.505428
0.843448 0.518331
0.837707 0.524998
0.821260 0.538330
0.811490 0.546839
0.790096 0.566549
0.780122 0.573065
0.756321 0.590520
0.743860 0.597032
0.724517 0.603391
0.718234 0.605215
0.707853 0.606885
0.702297 0.605272
0.694890 0.597207
0.691186 0.590756
0.686556 0.584304
0.683779 0.577852
0.679149 0.571401
0.676371 0.564949
0.670816 0.548820
0.666960 0.542104
0.658806 0.524350
0.652708 0.520809
0.646116 0.510873
0.643338 0.507647
0.639634 0.507647
0.635930 0.507647
0.625745 0.507647
0.617648 0.507647
0.594478 0.516301
0.581023 0.518645
0.550085 0.525992
0.542431 0.530436
0.537424 0.533881
0.534647 0.535494
0.531869 0.540333
0.529091 0.543559
0.519832 0.553236
0.513814 0.560224
0.499365 0.571885
0.489746 0.582356
0.472994 0.596946
0.463908 0.600903
0.449140 0.608213
0.440992 0.615310
0.416227 0.627836
0.396410 0.635233
0.357697 0.656794
0.340938 0.662102
0.309247 0.671718
0.296341 0.676214
0.275321 0.686419
0.262632 0.690438
0.241835 0.698489
0.231531 0.700483
0.213672 0.708261
0.206363 0.711898
0.197705 0.713605
0.194927 0.713605
0.194001 0.713605
0.193075 0.713605
0.191224 0.713605
0.188446 0.711993
0.183816 0.703928
0.181038 0.697476
0.173738 0.681143
0.171848 0.681143
0.166293 0.668240
0.160737 0.658562
0.150130 0.638138
0.144382 0.632130
0.135083 0.621171
0.131379 0.619559
0.121194 0.616333
0.116565 0.614720
0.108231 0.614720
0.104528 0.614720
0.096194 0.621171
0.092491 0.621171
0.084157 0.624397
0.079528 0.626010
0.073046 0.626010
0.069342 0.626010
0.059157 0.626010
0.054528 0.627623
0.042769 0.632770
0.037725 0.638042
0.027847 0.644824
0.022202 0.648102
0.004622 0.659034
-0.007282 0.665255
-0.035819 0.684164
-0.053201 0.691734
-0.082331 0.706243
-0.093947 0.710739
-0.111426 0.720889
-0.118431 0.727861
-0.131609 0.734418
-0.139559 0.741342
-0.149489 0.748261
-0.153192 0.749874
-0.157822 0.756326
-0.159674 0.756326
-0.161526 0.756326
-0.162452 0.756326
-0.164304 0.756326
-0.168933 0.751487
-0.171711 0.749874
-0.175415 0.743422
-0.179118 0.736971
-0.186624 0.723896
-0.190707 0.715006
-0.198948 0.698858
-0.202985 0.690070
-0.214700 0.663870
-0.220384 0.653969
-0.230819 0.625681
-0.233958 0.620212
-0.240617 0.603619
-0.245247 0.592329
-0.254433 0.571015
-0.258644 0.563680
-0.260522 0.562044
-0.265152 0.552366
-0.268855 0.545915
-0.271633 0.542689
-0.274411 0.539463
-0.280892 0.528173
-0.282754 0.523308
-0.289441 0.511660
-0.293145 0.505209
-0.301907 0.486458
-0.305936 0.481194
-0.312961 0.468957
-0.314813 0.464118
-0.318517 0.457666
-0.320369 0.454440
-0.324073 0.449602
-0.324073 0.447989
-0.325924 0.446376
-0.325924 0.444763
-0.329628 0.441537
-0.331480 0.441537
-0.335184 0.441537
-0.341665 0.441537
-0.346295 0.443150
-0.352776 0.444763
-0.356480 0.446376
-0.362961 0.449602
-0.365739 0.449602
-0.369443 0.449602
-0.371295 0.449602
-0.373147 0.449602
-0.374073 0.449602
-0.374998 0.449602
-0.374998 0.383473
-0.374998 0.369955
-0.374998 0.366730
-0.374998 0.358665
-0.374998 0.357052
-0.374998 0.353826
-0.374998 0.350601
-0.374998 0.347375
-0.374998 0.345762
-0.374998 0.344149
-0.374998 0.342536
